1 31 196
1 33 70
1 38 335
1 46 197
1 51 207
1 80 89
2 21 206
2 23 283
2 27 151
2 44 186
2 46 162
2 63 111
3 15 166
3 20 221
3 26 140
3 32 167
3 42 226
3 43 97
3 64 112
4 13 237
4 25 182
4 36 214
4 49 246
4 65 233
4 76 144
5 19 91
5 55 131
5 60 112
5 66 199
6 14 190
6 18 131
6 26 233
6 40 183
6 42 259
6 68 224
6 71 74
7 32 131
7 33 466
7 42 271
7 48 309
7 70 376
8 25 194
8 53 148
8 75 117
9 20 124
9 35 128
9 45 152
9 48 98
10 16 152
10 17 192
10 35 175
10 43 227
10 45 138
11 14 215
11 16 95
11 26 80
11 41 138
11 43 110
11 54 100
12 13 192
12 21 141
12 23 141
12 25 177
12 49 111
12 56 288
12 62 145
13 49 81
13 56 96
13 65 159
13 72 133
14 18 233
14 26 290
14 41 152
14 54 115
14 67 158
14 78 134
14 81 47
15 7 121
15 20 167
15 32 29
15 48 240
16 41 131
16 43 182
16 54 156
16 77 69
17 22 231
17 59 181
18 19 155
18 37 106
18 71 104
18 78 192
19 37 192
19 55 172
19 57 262
19 66 108
19 71 169
20 45 206
20 48 150
20 64 153
21 23 152
21 44 246
21 47 94
21 49 249
21 63 177
21 72 99
22 39 67
22 59 148
23 24 267
23 44 97
23 62 140
24 12 272
24 25 191
24 28 297
24 29 136
24 44 361
24 58 253
24 62 128
24 69 157
25 36 205
25 49 270
25 53 249
25 61 294
25 69 125
25 75 230
26 42 337
26 43 79
27 31 194
27 46 78
27 63 139
27 79 63
27 80 123
28 29 162
28 52 43
28 58 292
28 61 132
29 61 94
29 69 76
30 65 195
30 73 190
31 80 127
32 42 266
33 42 350
33 51 200
33 70 233
34 41 113
34 59 131
35 45 37
36 75 89
36 76 135
37 57 181
37 74 181
37 78 113
38 46 254
38 50 79
38 51 128
38 58 202
38 66 197
39 34 209
39 59 124
40 50 92
40 66 113
40 68 108
40 71 109
41 54 37
41 77 65
42 51 240
42 68 147
42 70 118
43 45 314
43 64 138
44 46 222
44 58 244
45 64 195
46 58 326
46 80 105
47 56 235
47 63 188
47 72 148
47 73 198
49 72 214
50 51 80
50 66 205
50 68 76
51 68 113
52 55 147
52 58 307
52 60 215
53 61 79
53 69 239
54 81 68
55 57 161
55 60 241
56 65 255
56 72 87
56 73 100
58 60 111
58 66 228
60 66 219
61 69 169
63 79 193
65 73 351
66 71 143
67 18 292
67 74 88
67 78 101
67 81 113
68 71 218
74 78 86
78 19 308
